0.2 73.90371
0.201 74.18118
0.202 74.47189
0.203 74.68435
0.204 74.90527
0.205 75.07211
0.206 75.17048
0.207 75.26649
0.208 75.37065
0.209 75.41704
0.21 75.51437
0.211 75.55197
0.212 75.59694
0.213 75.68297
0.214 75.76485
0.215 75.82274
0.216 75.97829
0.217 76.09634
0.218 76.25661
0.219 76.46416
0.22 76.70877
0.221 76.90806
0.222 77.18733
0.223 77.47236
0.224 77.75409
0.225 78.0764
0.226 78.371
0.227 78.62019
0.228 78.94685
0.229 79.23318
0.23 79.4871
0.231 79.78587
0.232 80.02189
0.233 80.22434
0.234 80.5179
0.235 80.71904
0.236 80.91012
0.237 81.14426
0.238 81.29211
0.239 81.4108
0.24 81.62392
0.241 81.77156
0.242 81.88973
0.243 82.06642
0.244 82.19614
0.245 82.25387
0.246 82.39988
0.247 82.51385
0.248 82.56736
0.249 82.70369
0.25 82.8069
0.251 82.81988
0.252 82.95024
0.253 83.00655
0.254 83.05089
0.255 83.13658
0.256 83.21583
0.257 83.22643
0.258 83.30244
0.259 83.35025
0.26 83.384
0.261 83.45866
0.262 83.52003
0.263 83.51216
0.264 83.58792
0.265 83.6734
0.266 83.65404
0.267 83.73248
0.268 83.74703
0.269 83.74333
0.27 83.78429
0.271 83.87626
0.272 83.8662
0.273 83.94169
0.274 83.95227
0.275 83.94271
0.276 84.04023
0.277 84.03971
0.278 84.07641
0.279 84.10425
0.28 84.14766
0.281 84.10126
0.282 84.20361
0.283 84.20922
0.284 84.20676
0.285 84.23423
0.286 84.23365
0.287 84.22662
0.288 84.33304
0.289 84.3154
0.29 84.31576
0.291 84.39665
0.292 84.39893
0.293 84.33732
0.294 84.42395
0.295 84.40278
0.296 84.42404
0.297 84.42889
0.298 84.48144
0.299 84.44651
0.3 84.49437
0.301 84.49458
0.302 84.54175
0.303 84.54502
0.304 84.61538
0.305 84.59418
0.306 84.6071
0.307 84.60586
0.308 84.61114
0.309 84.65266
0.31 84.6831
0.311 84.63357
0.312 84.69969
0.313 84.71526
0.314 84.70557
0.315 84.75466
0.316 84.74602
0.317 84.7188
0.318 84.77448
0.319 84.75564
0.32 84.72709
0.321 84.75773
0.322 84.75586
0.323 84.74145
0.324 84.77899
0.325 84.75771
0.326 84.77399
0.327 84.78391
0.328 84.81103
0.329 84.77887
0.33 84.85535
0.331 84.84568
0.332 84.8245
0.333 84.84886
0.334 84.85715
0.335 84.8203
0.336 84.83473
0.337 84.84453
0.338 84.86056
0.339 84.86981
0.34 84.87885
0.341 84.82662
0.342 84.87115
0.343 84.86678
0.344 84.83043
0.345 84.87916
0.346 84.85983
0.347 84.83335
0.348 84.86667
0.349 84.86412
0.35 84.83585
0.351 84.85352
0.352 84.84161
0.353 84.80904
0.354 84.87679
0.355 84.85838
0.356 84.84588
0.357 84.86772
0.358 84.85472
0.359 84.81732
0.36 84.85955
0.361 84.85433
0.362 84.82393
0.363 84.86477
0.364 84.86149
0.365 84.80985
0.366 84.8431
0.367 84.84616
0.368 84.86143
0.369 84.9008
0.37 84.84887
0.371 84.83277
0.372 84.87989
0.373 84.85906
0.374 84.86964
0.375 84.88519
0.376 84.87234
0.377 84.87321
0.378 84.9123
0.379 84.96185
0.38 84.95015
0.381 84.92311
0.382 84.9679
0.383 84.98001
0.384 84.98364
0.385 85.02933
0.386 84.99398
0.387 84.99586
0.388 85.02918
0.389 85.04818
0.39 85.05117
0.391 85.0646
0.392 85.04488
0.393 85.0662
0.394 85.13344
0.395 85.11979
0.396 85.1324
0.397 85.16168
0.398 85.17682
0.399 85.15914
0.4 85.21169
0.401 85.20937
0.402 85.22964
0.403 85.29087
0.404 85.27144
0.405 85.27047
0.406 85.3152
0.407 85.33317
0.408 85.34169
0.409 85.38158
0.41 85.34934
0.411 85.36433
0.412 85.40925
0.413 85.40709
0.414 85.4133
0.415 85.45875
0.416 85.44527
0.417 85.44045
0.418 85.49108
0.419 85.50302
0.42 85.50298
0.421 85.54987
0.422 85.51453
0.423 85.52304
0.424 85.5321
0.425 85.55812
0.426 85.5689
0.427 85.60976
0.428 85.58716
0.429 85.58017
0.43 85.62984
0.431 85.63058
0.432 85.65144
0.433 85.66532
0.434 85.64992
0.435 85.64835
0.436 85.67771
0.437 85.6658
0.438 85.68522
0.439 85.71585
0.44 85.69078
0.441 85.68917
0.442 85.73213
0.443 85.72402
0.444 85.71598
0.445 85.75811
0.446 85.73206
0.447 85.72858
0.448 85.77233
0.449 85.7618
0.45 85.75728
0.451 85.7869
0.452 85.76398
0.453 85.75707
0.454 85.79554
0.455 85.78738
0.456 85.79465
0.457 85.81562
0.458 85.79608
0.459 85.80205
0.46 85.82338
0.461 85.82148
0.462 85.83551
0.463 85.85381
0.464 85.82967
0.465 85.83354
0.466 85.85396
0.467 85.82604
0.468 85.83651
0.469 85.86962
0.47 85.84027
0.471 85.83764
0.472 85.87178
0.473 85.87237
0.474 85.87754
0.475 85.90574
0.476 85.88366
0.477 85.87284
0.478 85.90751
0.479 85.89765
0.48 85.90552
0.481 85.92916
0.482 85.89668
0.483 85.89007
0.484 85.92422
0.485 85.92363
0.486 85.92581
0.487 85.9128
0.488 85.89357
0.489 85.90353
0.49 85.93949
0.491 85.92775
0.492 85.93911
0.493 85.97342
0.494 85.94467
0.495 85.93988
0.496 85.95981
0.497 85.9405
0.498 85.9624
0.499 85.97488
0.5 85.94094
0.501 85.93833
0.502 85.96567
0.503 85.9578
0.504 85.98666
0.505 85.96895
0.506 85.92634
0.507 85.96967
0.508 85.98666
0.509 85.96532
0.51 85.98798
0.511 86.00392
0.512 85.97887
0.513 85.982
0.514 85.994
0.515 85.99405
0.516 86.01479
0.517 86.01116
0.518 85.98585
0.519 86.00721
0.52 86.03481
0.521 86.01111
0.522 86.03564
0.523 86.04151
0.524 86.01205
0.525 86.02292
0.526 86.04887
0.527 86.03734
0.528 86.04889
0.529 86.05654
0.53 86.02849
0.531 86.0523
0.532 86.06613
0.533 86.05393
0.534 86.06702
0.535 86.07998
0.536 86.04878
0.537 86.06746
0.538 86.07351
0.539 86.06148
0.54 86.08796
0.541 86.10378
0.542 86.04115
0.543 86.0788
0.544 86.08502
0.545 86.07037
0.546 86.09619
0.547 86.12096
0.548 86.0634
0.549 86.08394
0.55 86.10045
0.551 86.07281
0.552 86.1214
0.553 86.12476
0.554 86.07552
0.555 86.08162
0.556 86.10792
0.557 86.10452
0.558 86.13001
0.559 86.11895
0.56 86.09174
0.561 86.09616
0.562 86.08169
0.563 86.11433
0.564 86.14461
0.565 86.11713
0.566 86.13665
0.567 86.13024
0.568 86.07994
0.569 86.12574
0.57 86.14326
0.571 86.12558
0.572 86.12155
0.573 86.11827
0.574 86.07777
0.575 86.12659
0.576 86.12919
0.577 86.11437
0.578 86.13988
0.579 86.16553
0.58 86.10355
0.581 86.13336
0.582 86.15216
0.583 86.13527
0.584 86.16897
0.585 86.14372
0.586 86.11947
0.587 86.14358
0.588 86.1757
0.589 86.14428
0.59 86.18252
0.591 86.11309
0.592 86.12595
0.593 86.16002
0.594 86.18176
0.595 86.1635
0.596 86.18698
0.597 86.16596
0.598 86.13163
0.599 86.15558
0.6 86.17586
0.601 86.16074
0.602 86.19108
0.603 86.17534
0.604 86.15205
0.605 86.16471
0.606 86.18691
0.607 86.1492
0.608 86.21905
0.609 86.21425
0.61 86.18724
0.611 86.19041
0.612 86.21709
0.613 86.19276
0.614 86.22732
0.615 86.1654
0.616 86.15498
0.617 86.181
0.618 86.19825
0.619 86.16365
0.62 86.21181
0.621 86.22857
0.622 86.16779
0.623 86.1943
0.624 86.20705
0.625 86.19996
0.626 86.23453
0.627 86.22265
0.628 86.1626
0.629 86.22181
0.63 86.22893
0.631 86.2024
0.632 86.2381
0.633 86.23149
0.634 86.19258
0.635 86.22658
0.636 86.24635
0.637 86.19156
0.638 86.23846
0.639 86.24978
0.64 86.20321
0.641 86.22911
0.642 86.2445
0.643 86.24802
0.644 86.27972
0.645 86.25928
0.646 86.22317
0.647 86.24825
0.648 86.25686
0.649 86.24337
0.65 86.26427
0.651 86.24218
0.652 86.204
0.653 86.25816
0.654 86.25123
0.655 86.252
0.656 86.25149
0.657 86.26786
0.658 86.20921
0.659 86.28375
0.66 86.25983
0.661 86.24044
0.662 86.27787
0.663 86.28466
0.664 86.23771
0.665 86.29607
0.666 86.27944
0.667 86.24626
0.668 86.3045
0.669 86.29902
0.67 86.24244
0.671 86.28433
0.672 86.29134
0.673 86.27149
0.674 86.29872
0.675 86.27323
0.676 86.26472
0.677 86.30331
0.678 86.29379
0.679 86.28571
0.68 86.28436
0.681 86.34372
0.682 86.25495
0.683 86.30555
0.684 86.31086
0.685 86.26461
0.686 86.34317
0.687 86.26499
0.688 86.28167
0.689 86.30392
0.69 86.30862
0.691 86.26761
0.692 86.33538
0.693 86.32639
0.694 86.26368
0.695 86.31187
0.696 86.32578
0.697 86.30358
0.698 86.34559
0.699 86.34462
0.7 86.27333
0.701 86.33079
0.702 86.31207
0.703 86.30325
0.704 86.32476
0.705 86.32781
0.706 86.26196
0.707 86.3445
0.708 86.32121
0.709 86.33384
0.71 86.37059
0.711 86.36425
0.712 86.29315
0.713 86.34408
0.714 86.34064
0.715 86.30031
0.716 86.34494
0.717 86.34035
0.718 86.31907
0.719 86.32932
0.72 86.35035
0.721 86.32785
0.722 86.38734
0.723 86.34935
0.724 86.30901
0.725 86.34549
0.726 86.33658
0.727 86.33758
0.728 86.38012
0.729 86.38451
0.73 86.31596
0.731 86.37508
0.732 86.34772
0.733 86.38317
0.734 86.37441
0.735 86.34638
0.736 86.34629
0.737 86.40053
0.738 86.38469
0.739 86.37284
0.74 86.39079
0.741 86.37657
0.742 86.34699
0.743 86.37185
0.744 86.37433
0.745 86.34576
0.746 86.39528
0.747 86.38911
0.748 86.359
0.749 86.36764
0.75 86.39209
0.751 86.36345
0.752 86.40971
0.753 86.40316
0.754 86.35033
0.755 86.39286
0.756 86.38099
0.757 86.37258
0.758 86.39935
0.759 86.40272
0.76 86.35757
0.761 86.41415
0.762 86.41565
0.763 86.41262
0.764 86.40882
0.765 86.41824
0.766 86.36257
0.767 86.4165
0.768 86.3935
0.769 86.39913
0.77 86.42781
0.771 86.4016
0.772 86.3965
0.773 86.4158
0.774 86.4031
0.775 86.39178
0.776 86.44834
0.777 86.37391
0.778 86.41256
0.779 86.4147
0.78 86.39033
0.781 86.4069
0.782 86.45535
0.783 86.43031
0.784 86.38995
0.785 86.41669
0.786 86.41397
0.787 86.42106
0.788 86.45422
0.789 86.45874
0.79 86.42004
0.791 86.46849
0.792 86.45149
0.793 86.45283
0.794 86.45753
0.795 86.46246
0.796 86.47947
0.797 86.50204
0.798 86.47944
0.799 86.47429
0.8 86.47561
0.801 86.46149
0.802 86.47039
0.803 86.47571
0.804 86.4464
0.805 86.41602
0.806 86.45897
0.807 86.47417
0.808 86.44614
0.809 86.445
0.81 86.44414
0.811 86.44096
0.812 86.45897
0.813 86.45536
0.814 86.46225
0.815 86.50413
0.816 86.48147
0.817 86.44251
0.818 86.50811
0.819 86.48714
0.82 86.47279
0.821 86.48779
0.822 86.48283
0.823 86.48314
0.824 86.50663
0.825 86.48384
0.826 86.48158
0.827 86.50465
0.828 86.49192
0.829 86.49841
0.83 86.53038
0.831 86.49651
0.832 86.50029
0.833 86.56023
0.834 86.54301
0.835 86.55414
0.836 86.55632
0.837 86.51536
0.838 86.51632
0.839 86.549
0.84 86.52481
0.841 86.54273
0.842 86.57081
0.843 86.56852
0.844 86.58064
0.845 86.54888
0.846 86.49241
0.847 86.49493
0.848 86.52295
0.849 86.55031
0.85 86.61067
0.851 86.58481
0.852 86.50986
0.853 86.52372
0.854 86.5353
0.855 86.51803
0.856 86.53521
0.857 86.52397
0.858 86.5805
0.859 86.52146
0.86 86.74816
0.861 87.11106
0.862 87.07824
0.863 87.0832
0.864 87.10834
0.865 87.12011
0.866 87.10325
0.867 87.12325
0.868 87.11387
0.869 87.09001
0.87 87.1068
0.871 87.10315
0.872 87.09391
0.873 87.10069
0.874 87.10946
0.875 87.11102
0.876 87.11285
0.877 87.10865
0.878 87.10683
0.879 87.1094
0.88 87.12269
0.881 87.12756
0.882 87.12323
0.883 87.132
0.884 87.15677
0.885 87.13742
0.886 87.10358
0.887 87.12883
0.888 87.15142
0.889 87.13948
0.89 87.13149
0.891 87.14521
0.892 87.15123
0.893 87.14161
0.894 87.13906
0.895 87.15208
0.896 87.18664
0.897 87.1974
0.898 87.16867
0.899 87.14974
0.9 87.15988
0.901 87.18227
0.902 87.18094
0.903 87.18195
0.904 87.17799
0.905 87.17231
0.906 87.18143
0.907 87.17938
0.908 87.17874
0.909 87.18984
0.91 87.19549
0.911 87.18675
0.912 87.18841
0.913 87.18442
0.914 87.18499
0.915 87.1845
0.916 87.19503
0.917 87.19715
0.918 87.19144
0.919 87.19443
0.92 87.18741
0.921 87.18545
0.922 87.19624
0.923 87.19972
0.924 87.18207
0.925 87.1827
0.926 87.20361
0.927 87.21053
0.928 87.21788
0.929 87.21603
0.93 87.2159
0.931 87.21291
0.932 87.21696
0.933 87.21419
0.934 87.21002
0.935 87.21619
0.936 87.22656
0.937 87.22789
0.938 87.23774
0.939 87.24571
0.94 87.23974
0.941 87.22704
0.942 87.24045
0.943 87.2496
0.944 87.24115
0.945 87.24381
0.946 87.21916
0.947 87.22538
0.948 87.22424
0.949 87.23855
0.95 87.24166
0.951 87.24236
0.952 87.24441
0.953 87.24108
0.954 87.24006
0.955 87.26253
0.956 87.26691
0.957 87.26578
0.958 87.25713
0.959 87.2579
0.96 87.25348
0.961 87.2547
0.962 87.24264
0.963 87.23685
0.964 87.23896
0.965 87.24587
0.966 87.24993
0.967 87.27322
0.968 87.26689
0.969 87.25019
0.97 87.24486
0.971 87.24549
0.972 87.24736
0.973 87.2614
0.974 87.26606
0.975 87.28622
0.976 87.27016
0.977 87.26124
0.978 87.24091
0.979 87.27214
0.98 87.26061
0.981 87.2533
0.982 87.23397
0.983 87.25032
0.984 87.26215
0.985 87.26192
0.986 87.27099
0.987 87.25412
0.988 87.24957
0.989 87.26677
0.99 87.28808
0.991 87.2747
0.992 87.29877
0.993 87.27949
0.994 87.269
0.995 87.25223
0.996 87.2636
0.997 87.25149
0.998 87.26246
0.999 87.26794
1 87.27585
1.001 87.27592
1.002 87.28961
1.003 87.28117
1.004 87.26429
1.005 87.2752
1.006 87.26256
1.007 87.26922
1.008 87.23457
1.009 87.27335
1.01 87.26677
1.011 87.28764
1.012 87.27859
1.013 87.28844
1.014 87.26248
1.015 87.28655
1.016 87.27081
1.017 87.26672
1.018 87.26614
1.019 87.26468
1.02 87.25316
1.021 87.26516
1.022 87.24996
1.023 87.2727
1.024 87.27924
1.025 87.26335
1.026 87.28823
1.027 87.27302
1.028 87.31127
1.029 87.29738
1.03 87.28669
1.031 87.29383
1.032 87.26426
1.033 87.27623
1.034 87.26234
1.035 87.28543
1.036 87.2874
1.037 87.27784
1.038 87.28527
1.039 87.29478
1.04 87.29333
1.041 87.27587
1.042 87.26439
1.043 87.25515
1.044 87.27014
1.045 87.28564
1.046 87.29871
1.047 87.25454
1.048 87.29449
1.049 87.28202
1.05 87.27229
1.051 87.26111
1.052 87.25948
1.053 87.2764
1.054 87.29836
1.055 87.2848
1.056 87.29731
1.057 87.29482
1.058 87.27556
1.059 87.28632
1.06 87.26489
1.061 87.27709
1.062 87.2706
1.063 87.29564
1.064 87.26181
1.065 87.28081
1.066 87.27551
1.067 87.26282
1.068 87.26903
1.069 87.31034
1.07 87.28406
1.071 87.29934
1.072 87.27416
1.073 87.2829
1.074 87.25086
1.075 87.28096
1.076 87.28052
1.077 87.29112
1.078 87.31731
1.079 87.30965
1.08 87.27342
1.081 87.31689
1.082 87.32113
1.083 87.33008
1.084 87.31579
1.085 87.29041
1.086 87.3024
1.087 87.29423
1.088 87.30332
1.089 87.28784
1.09 87.29746
1.091 87.29182
1.092 87.2999
1.093 87.29172
1.094 87.29797
1.095 87.33614
1.096 87.31288
1.097 87.27651
1.098 87.29742
1.099 87.31203
1.1 87.30369
1.101 87.30891
1.102 87.30626
1.103 87.31185
1.104 87.32353
1.105 87.30657
1.106 87.32349
1.107 87.30959
1.108 87.32479
1.109 87.29167
1.11 87.32083
1.111 87.31158
1.112 87.33731
1.113 87.3246
1.114 87.32855
1.115 87.32874
1.116 87.34564
1.117 87.33856
1.118 87.30146
1.119 87.31693
1.12 87.31381
1.121 87.33839
1.122 87.31402
1.123 87.34127
1.124 87.32396
1.125 87.3238
1.126 87.33817
1.127 87.33393
1.128 87.35194
1.129 87.34219
1.13 87.36165
1.131 87.32808
1.132 87.33686
1.133 87.32359
1.134 87.35174
1.135 87.31404
1.136 87.3393
1.137 87.34703
1.138 87.34726
1.139 87.34584
1.14 87.35575
1.141 87.34544
1.142 87.3241
1.143 87.32835
1.144 87.34401
1.145 87.36943
1.146 87.35709
1.147 87.36364
1.148 87.35732
1.149 87.34162
1.15 87.35238
1.151 87.33822
1.152 87.34856
1.153 87.33842
1.154 87.37067
1.155 87.36257
1.156 87.35603
1.157 87.34981
1.158 87.35127
1.159 87.36608
1.16 87.36913
1.161 87.35642
1.162 87.34857
1.163 87.35346
1.164 87.35703
1.165 87.38016
1.166 87.37539
1.167 87.36997
1.168 87.36811
1.169 87.36938
1.17 87.37283
1.171 87.3571
1.172 87.35167
1.173 87.34928
1.174 87.35385
1.175 87.38148
1.176 87.38383
1.177 87.38015
1.178 87.38887
1.179 87.38541
1.18 87.38761
1.181 87.36791
1.182 87.3604
1.183 87.37546
1.184 87.38002
1.185 87.37255
1.186 87.3804
1.187 87.37522
1.188 87.37326
1.189 87.38438
1.19 87.38639
1.191 87.40837
1.192 87.41927
1.193 87.41687
1.194 87.42725
1.195 87.42506
1.196 87.43711
1.197 87.39869
1.198 87.39894
1.199 87.39481
1.2 87.41014
1.201 87.39418
1.202 87.41032
1.203 87.41367
1.204 87.39622
1.205 87.38874
1.206 87.3993
1.207 87.41979
1.208 87.4046
1.209 87.41403
1.21 87.40888
1.211 87.41832
1.212 87.41164
1.213 87.40811
1.214 87.39942
1.215 87.4163
1.216 87.42983
1.217 87.44021
1.218 87.43938
1.219 87.41976
1.22 87.42845
1.221 87.41711
1.222 87.4189
1.223 87.42079
1.224 87.43108
1.225 87.43393
1.226 87.43522
1.227 87.44002
1.228 87.43096
1.229 87.44228
1.23 87.44035
1.231 87.43309
1.232 87.4373
1.233 87.44902
1.234 87.44331
1.235 87.4248
1.236 87.41193
1.237 87.42011
1.238 87.42213
1.239 87.42205
1.24 87.42189
1.241 87.42734
1.242 87.44526
1.243 87.44864
1.244 87.44948
1.245 87.45262
1.246 87.46441
1.247 87.47312
1.248 87.47148
1.249 87.45376
1.25 87.44339
1.251 87.45594
1.252 87.45257
1.253 87.44754
1.254 87.44029
1.255 87.45306
1.256 87.47501
1.257 87.47723
1.258 87.47683
1.259 87.46138
1.26 87.45128
1.261 87.4538
1.262 87.4557
1.263 87.45707
1.264 87.45773
1.265 87.46523
1.266 87.46795
1.267 87.46203
1.268 87.45204
1.269 87.46095
1.27 87.46752
1.271 87.47829
1.272 87.48128
1.273 87.47339
1.274 87.46376
1.275 87.46462
1.276 87.47497
1.277 87.47581
1.278 87.47773
1.279 87.47281
1.28 87.48828
1.281 87.50131
1.282 87.50253
1.283 87.50159
1.284 87.50777
1.285 87.4999
1.286 87.48376
1.287 87.48743
1.288 87.49432
1.289 87.49026
1.29 87.48146
1.291 87.47395
1.292 87.47053
1.293 87.4754
1.294 87.47152
1.295 87.48654
1.296 87.49149
1.297 87.49051
1.298 87.50799
1.299 87.49276
1.3 87.48304
1.301 87.49848
1.302 87.48818
1.303 87.47608
1.304 87.4724
1.305 87.46122
1.306 87.46015
1.307 87.46319
1.308 87.47893
1.309 87.46978
1.31 87.46841
1.311 87.46783
1.312 87.46592
1.313 87.48064
1.314 87.47747
1.315 87.47674
1.316 87.49061
1.317 87.47977
1.318 87.48834
1.319 87.4914
1.32 87.50084
1.321 87.49992
1.322 87.48566
1.323 87.49082
1.324 87.49171
1.325 87.48509
1.326 87.48058
1.327 87.4842
1.328 87.48144
1.329 87.49721
1.33 87.50853
1.331 87.518
1.332 87.50525
1.333 87.50468
1.334 87.50935
1.335 87.47756
1.336 87.46474
1.337 87.48653
1.338 87.50279
1.339 87.50777
1.34 87.50564
1.341 87.4832
1.342 87.50375
1.343 87.50281
1.344 87.50143
1.345 87.49715
1.346 87.49679
1.347 87.50325
1.348 87.51285
1.349 87.54795
1.35 87.51708
1.351 87.48501
1.352 87.4855
1.353 87.47293
1.354 87.51183
1.355 87.52586
1.356 87.52293
1.357 87.52849
1.358 87.50917
1.359 87.46791
1.36 87.4881
1.361 87.47443
1.362 87.50267
1.363 87.5088
1.364 87.50285
1.365 87.46732
1.366 87.48268
1.367 87.49541
1.368 87.49054
1.369 87.45895
1.37 87.4702
1.371 87.49021
1.372 87.50841
1.373 87.50288
1.374 87.51611
1.375 87.52913
1.376 87.53842
1.377 87.54932
1.378 87.48563
1.379 87.49634
1.38 87.47581
1.381 87.46236
1.382 87.48027
1.383 87.50284
1.384 87.54679
1.385 87.49486
1.386 87.48879
1.387 87.51084
1.388 87.52811
1.389 87.49022
1.39 87.47616
1.391 87.49814
1.392 87.51352
1.393 87.47457
1.394 87.49164
1.395 87.47728
1.396 87.53056
1.397 87.4986
1.398 87.45589
1.399 87.51522
1.4 87.51225
1.401 87.47927
1.402 87.49842
1.403 87.50478
1.404 87.50604
1.405 87.5144
1.406 87.50704
1.407 87.49313
1.408 87.50201
1.409 87.523
1.41 87.50135
1.411 87.49783
1.412 87.50044
1.413 87.51754
1.414 87.49857
1.415 87.51689
1.416 87.49009
1.417 87.52085
1.418 87.50497
1.419 87.50122
1.42 87.50258
1.421 87.52569
1.422 87.51424
1.423 87.50788
1.424 87.54717
1.425 87.52715
1.426 87.50237
1.427 87.49934
1.428 87.5074
1.429 87.50741
1.43 87.53156
1.431 87.51216
1.432 87.49072
1.433 87.4951
1.434 87.52066
1.435 87.5045
1.436 87.52269
1.437 87.50187
1.438 87.52396
1.439 87.50973
1.44 87.51906
1.441 87.50936
1.442 87.51793
1.443 87.51618
1.444 87.51743
1.445 87.55111
1.446 87.54655
1.447 87.53386
1.448 87.51985
1.449 87.52265
1.45 87.49993
1.451 87.51481
1.452 87.49746
1.453 87.5109
1.454 87.48795
1.455 87.50635
1.456 87.49377
1.457 87.53815
1.458 87.52766
1.459 87.51713
1.46 87.52081
1.461 87.50494
1.462 87.4992
1.463 87.53253
1.464 87.53448
1.465 87.524
1.466 87.51799
1.467 87.51292
1.468 87.54063
1.469 87.49614
1.47 87.52177
1.471 87.50272
1.472 87.53796
1.473 87.51015
1.474 87.56018
1.475 87.51512
1.476 87.52657
1.477 87.52199
1.478 87.51887
1.479 87.55395
1.48 87.52328
1.481 87.52903
1.482 87.52771
1.483 87.51437
1.484 87.52348
1.485 87.52842
1.486 87.54087
1.487 87.51445
1.488 87.52675
1.489 87.5131
1.49 87.526
1.491 87.4949
1.492 87.53103
1.493 87.51482
1.494 87.53271
1.495 87.52599
1.496 87.54077
1.497 87.53232
1.498 87.51997
1.499 87.51035
1.5 87.51796
1.501 87.51288
1.502 87.52189
1.503 87.5303
1.504 87.53885
1.505 87.53513
1.506 87.53196
1.507 87.51935
1.508 87.4983
1.509 87.52655
1.51 87.51779
1.511 87.48598
1.512 87.50774
1.513 87.52634
1.514 87.52482
1.515 87.52699
1.516 87.52917
1.517 87.53286
1.518 87.53357
1.519 87.52271
1.52 87.51446
1.521 87.51914
1.522 87.51475
1.523 87.53631
1.524 87.52733
1.525 87.49843
1.526 87.5231
1.527 87.52163
1.528 87.52352
1.529 87.51373
1.53 87.54302
1.531 87.5297
1.532 87.54898
1.533 87.53685
1.534 87.53607
1.535 87.51886
1.536 87.52879
1.537 87.51312
1.538 87.53392
1.539 87.52383
1.54 87.54544
1.541 87.56791
1.542 87.53052
1.543 87.52436
1.544 87.54452
1.545 87.56136
1.546 87.55636
1.547 87.54667
1.548 87.52031
1.549 87.53794
1.55 87.52366
1.551 87.51846
1.552 87.50172
1.553 87.51508
1.554 87.52875
1.555 87.52729
1.556 87.52432
1.557 87.52186
1.558 87.51584
1.559 87.50731
1.56 87.50876
1.561 87.50934
1.562 87.52081
1.563 87.52334
1.564 87.51587
1.565 87.51326
1.566 87.52957
1.567 87.53644
1.568 87.51242
1.569 87.52091
1.57 87.51604
1.571 87.52043
1.572 87.51538
1.573 87.51823
1.574 87.51895
1.575 87.51349
1.576 87.52707
1.577 87.51331
1.578 87.52143
1.579 87.50456
1.58 87.52907
1.581 87.517
1.582 87.52303
1.583 87.50999
1.584 87.51909
1.585 87.5257
1.586 87.5388
1.587 87.52913
1.588 87.53277
1.589 87.51313
1.59 87.51458
1.591 87.52248
1.592 87.52115
1.593 87.53211
1.594 87.54157
1.595 87.52553
1.596 87.50173
1.597 87.50328
1.598 87.50818
1.599 87.50581
1.6 87.52302
1.601 87.5418
1.602 87.54866
1.603 87.5436
1.604 87.53642
1.605 87.51932
1.606 87.51514
1.607 87.52317
1.608 87.51801
1.609 87.51363
1.61 87.51454
1.611 87.52075
1.612 87.51875
1.613 87.51239
1.614 87.52722
1.615 87.53715
1.616 87.5373
1.617 87.53724
1.618 87.54415
1.619 87.53519
1.62 87.53164
1.621 87.53226
1.622 87.53408
1.623 87.53138
1.624 87.53759
1.625 87.53329
1.626 87.52635
1.627 87.53758
1.628 87.54012
1.629 87.53795
1.63 87.53505
1.631 87.54371
1.632 87.538
1.633 87.53576
1.634 87.53494
1.635 87.54726
1.636 87.54833
1.637 87.5556
1.638 87.56121
1.639 87.56318
1.64 87.55175
1.641 87.54267
1.642 87.54318
1.643 87.53702
1.644 87.54082
1.645 87.54761
1.646 87.55357
1.647 87.54305
1.648 87.53313
1.649 87.54036
1.65 87.53893
1.651 87.5356
1.652 87.53424
1.653 87.53814
1.654 87.54057
1.655 87.55366
1.656 87.54733
1.657 87.54204
1.658 87.54752
1.659 87.5589
1.66 87.57158
1.661 87.57237
1.662 87.56641
1.663 87.55769
1.664 87.55183
1.665 87.54893
1.666 87.5488
1.667 87.56163
1.668 87.57244
1.669 87.55673
1.67 87.55837
1.671 87.56203
1.672 87.56428
1.673 87.5675
1.674 87.55962
1.675 87.56404
1.676 87.56547
1.677 87.5537
1.678 87.55283
1.679 87.56397
1.68 87.57343
1.681 87.56972
1.682 87.5628
1.683 87.5629
1.684 87.57618
1.685 87.57165
1.686 87.56467
1.687 87.56201
1.688 87.57654
1.689 87.58276
1.69 87.58298
1.691 87.57222
1.692 87.57828
1.693 87.57708
1.694 87.58768
1.695 87.56542
1.696 87.54859
1.697 87.55931
1.698 87.55657
1.699 87.57631
1.7 87.58504
1.701 87.5817
1.702 87.5744
1.703 87.57186
1.704 87.55786
1.705 87.57555
1.706 87.57392
1.707 87.58489
1.708 87.56338
1.709 87.54843
1.71 87.56336
1.711 87.56499
1.712 87.58331
1.713 87.5727
1.714 87.5733
1.715 87.56957
1.716 87.57203
1.717 87.56881
1.718 87.57958
1.719 87.56891
1.72 87.55916
1.721 87.56827
1.722 87.57197
1.723 87.58673
1.724 87.57383
1.725 87.59903
1.726 87.58165
1.727 87.59752
1.728 87.58771
1.729 87.58003
1.73 87.58205
1.731 87.59247
1.732 87.58762
1.733 87.592
1.734 87.59188
1.735 87.58153
1.736 87.56304
1.737 87.57238
1.738 87.58333
1.739 87.58794
1.74 87.56954
1.741 87.58955
1.742 87.58461
1.743 87.59576
1.744 87.56893
1.745 87.58704
1.746 87.58008
1.747 87.59561
1.748 87.60221
1.749 87.60297
1.75 87.60163
1.751 87.60566
1.752 87.61239
1.753 87.58934
1.754 87.59149
1.755 87.59348
1.756 87.60973
1.757 87.59084
1.758 87.58343
1.759 87.56067
1.76 87.57173
1.761 87.57274
1.762 87.57191
1.763 87.5852
1.764 87.58279
1.765 87.59291
1.766 87.6073
1.767 87.59753
1.768 87.58449
1.769 87.57389
1.77 87.5971
1.771 87.5976
1.772 87.62699
1.773 87.60392
1.774 87.61812
1.775 87.61962
1.776 87.61385
1.777 87.59594
1.778 87.58891
1.779 87.61131
1.78 87.64641
1.781 87.66642
1.782 87.61994
1.783 87.58146
1.784 87.59692
1.785 87.61075
1.786 87.60835
1.787 87.64171
1.788 87.63632
1.789 87.64572
1.79 87.64224
1.791 87.63737
1.792 87.63105
1.793 87.66216
1.794 87.63903
1.795 87.62284
1.796 87.629
1.797 87.62216
1.798 87.63045
1.799 87.61887
1.8 87.65286
1.801 87.64441
1.802 87.65897
1.803 87.63925
1.804 87.64014
1.805 87.63426
1.806 87.67231
1.807 87.6393
1.808 87.64876
1.809 87.62254
1.81 87.63172
1.811 87.63955
1.812 87.65405
1.813 87.63725
1.814 87.63848
1.815 87.65135
1.816 87.63966
1.817 87.66538
1.818 87.60024
1.819 87.62688
1.82 87.64726
1.821 87.68199
1.822 87.63895
1.823 87.67455
1.824 87.60445
1.825 87.64431
1.826 87.64337
1.827 87.63693
1.828 87.644
1.829 87.66885
1.83 87.67418
1.831 87.70921
1.832 87.66658
1.833 87.61801
1.834 87.59958
1.835 87.64873
1.836 87.63271
1.837 87.58024
1.838 87.62135
1.839 87.66359
1.84 87.69581
1.841 87.6986
1.842 87.7188
1.843 87.60139
1.844 87.60656
1.845 87.61923
1.846 87.57522
1.847 87.67153
1.848 87.6827
1.849 87.6147
1.85 87.67882
1.851 87.64076
1.852 87.65436
1.853 87.6712
1.854 87.65593
1.855 87.64771
1.856 87.62712
1.857 87.64434
1.858 87.6654
1.859 87.66057
1.86 87.68722
1.861 87.69007
1.862 87.68216
1.863 87.65419
1.864 87.66218
1.865 87.65363
1.866 87.64361
1.867 87.61638
1.868 87.59599
1.869 87.65127
1.87 87.62938
1.871 87.66224
1.872 87.65715
1.873 87.66061
1.874 87.63454
1.875 87.67273
1.876 87.67895
1.877 87.70753
1.878 87.68542
1.879 87.6822
1.88 87.65865
1.881 87.69797
1.882 87.67965
1.883 87.70956
1.884 87.71568
1.885 87.72062
1.886 87.71154
1.887 87.66584
1.888 87.64636
1.889 87.64641
1.89 87.66691
1.891 87.69917
1.892 87.69299
1.893 87.72211
1.894 87.69482
1.895 87.6964
1.896 87.65109
1.897 87.67133
1.898 87.66482
1.899 87.71104
1.9 87.69093
1.901 87.67146
1.902 87.68
1.903 87.71688
1.904 87.71085
1.905 87.72126
1.906 87.71084
1.907 87.69874
1.908 87.688
1.909 87.68689
1.91 87.71433
1.911 87.72381
1.912 87.74957
1.913 87.74518
1.914 87.72595
1.915 87.69676
1.916 87.69304
1.917 87.71153
1.918 87.71238
1.919 87.70494
1.92 87.69464
1.921 87.71944
1.922 87.69253
1.923 87.70465
1.924 87.69735
1.925 87.69581
1.926 87.6973
1.927 87.72228
1.928 87.76652
1.929 87.74453
1.93 87.75504
1.931 87.75692
1.932 87.73158
1.933 87.75442
1.934 87.75457
1.935 87.75069
1.936 87.73812
1.937 87.73327
1.938 87.75314
1.939 87.77583
1.94 87.78291
1.941 87.76081
1.942 87.76808
1.943 87.75714
1.944 87.7287
1.945 87.76406
1.946 87.78059
1.947 87.759
1.948 87.75039
1.949 87.78211
1.95 87.76715
1.951 87.77608
1.952 87.78749
1.953 87.79369
1.954 87.80301
1.955 87.78375
1.956 87.78771
1.957 87.8205
1.958 87.80185
1.959 87.80072
1.96 87.80348
1.961 87.78202
1.962 87.80723
1.963 87.82072
1.964 87.81554
1.965 87.84845
1.966 87.82037
1.967 87.81514
1.968 87.82499
1.969 87.81868
1.97 87.80435
1.971 87.81295
1.972 87.83158
1.973 87.83808
1.974 87.84444
1.975 87.84011
1.976 87.84637
1.977 87.84024
1.978 87.84015
1.979 87.82807
1.98 87.83668
1.981 87.82994
1.982 87.82557
1.983 87.81005
1.984 87.80969
1.985 87.81004
1.986 87.80641
1.987 87.81523
1.988 87.82704
1.989 87.83694
1.99 87.84891
1.991 87.86175
1.992 87.85818
1.993 87.84558
1.994 87.85001
1.995 87.85253
1.996 87.85177
1.997 87.85056
1.998 87.84678
1.999 87.84876
2.00007 86.85906
2.00994 87.16386
2.0201 87.23872
2.02997 86.89518
2.03984 86.74583
2.04998 87.19531
2.05984 87.49624
2.06999 87.1698
2.07984 86.99444
2.08997 87.15839
2.09982 87.05905
2.10995 87.16973
2.11979 87.44751
2.12991 86.9184
2.13975 86.78485
2.14986 86.91792
2.15969 87.22963
2.1698 87.00324
2.17962 87.28302
2.18972 87.16201
2.19954 87.50726
2.20963 87.3161
2.21972 88.04108
2.22953 87.01236
2.23961 87.38945
2.24969 87.31068
2.25949 87.16278
2.26956 87.24281
2.27963 87.37438
2.28942 87.16511
2.29948 87.62021
2.30954 87.61018
2.31959 88.11508
2.32936 87.37718
2.33941 87.59445
2.34945 87.27067
2.35949 87.63414
2.36925 87.42436
2.37928 87.16305
2.38931 87.56635
2.39934 87.47982
2.40936 87.15555
2.41938 87.85355
2.42939 87.62249
2.4394 87.73682
2.44913 87.45294
2.45913 87.03208
2.46913 87.35584
2.47912 87.41752
2.48911 87.87421
2.4991 87.36659
2.50908 87.68383
2.51906 87.1898
2.52903 87.33405
2.53901 87.65712
2.54897 87.88031
2.55893 87.16526
2.56917 87.95052
2.57912 87.04731
2.58907 88.05593
2.59902 87.62671
2.60896 88.09194
2.6189 87.62802
2.62883 87.07419
2.63904 88.32855
2.64897 87.91812
2.65889 88.27513
2.6688 87.16549
2.67899 87.22118
2.6889 88.01016
2.69881 87.14811
2.70871 87.09548
2.71888 87.17668
2.72877 87.48845
2.73865 88.36441
2.74881 87.78594
2.75869 87.72519
2.76884 86.91545
2.77871 88.05455
2.78857 86.89927
2.79871 87.38231
2.80856 87.28358
2.81869 87.32026
2.82853 87.17396
2.83865 87.38626
2.84849 87.46877
2.85859 87.33089
2.86842 87.78101
2.87852 87.50245
2.88861 88.35501
2.89843 87.62734
2.90851 87.51131
2.91859 87.64186
2.92839 87.87412
2.93846 87.12102
2.94852 87.11919
2.95831 87.21864
2.96836 87.51079
2.97841 87.50387
2.98845 87.98037
2.99822 87.60936
3.00826 87.42018
3.01828 87.27731
3.02831 87.52657
3.03833 87.54587
3.04834 87.43759
3.05835 87.94773
3.06835 87.02485
3.07808 87.85992
3.08808 86.97264
3.09806 86.90418
3.10805 87.14357
3.11802 87.02131
3.128 88.21848
3.13823 88.01751
3.1482 87.83131
3.15815 87.83897
3.1681 87.31311
3.17805 87.87905
3.18799 87.87876
3.19793 87.89818
3.20786 87.5719
3.21805 88.29035
3.22797 88.48016
3.23789 87.74261
3.24779 87.34143
3.25796 88.1878
3.26786 87.42376
3.27775 88.16776
3.28791 87.83559
3.29779 87.9246
3.30793 87.90896
3.3178 88.06682
3.32767 88.10878
3.33779 87.63051
3.34765 88.16064
3.35776 87.94283
3.3676 88.40171
3.3777 87.82103
3.3878 88.02863
3.39762 87.42916
3.40771 88.27964
3.41752 87.57724
3.42759 87.62319
3.43766 87.52224
3.44746 87.50411
3.45751 87.6795
3.46756 87.94485
3.4776 87.59905
3.48764 88.29913
3.4974 87.8099
3.50743 88.10015
3.51745 87.88223
3.52746 87.44891
3.53746 87.64067
3.54746 87.59494
3.55746 87.7456
3.56744 87.30089
3.57742 87.71058
3.5874 88.75391
3.59736 88.10664
3.60733 87.0196
3.61728 87.69669
3.62723 87.60223
3.63717 87.43385
3.64737 88.25215
3.6573 87.33585
3.66722 88.89573
3.67714 87.67734
3.68731 87.33658
3.69721 87.6073
3.70711 88.64138
3.71726 87.20977
3.72714 87.21694
3.73702 87.36195
3.74715 88.39536
3.75702 86.73491
3.76713 88.18542
3.77698 88.16237
3.78709 87.34795
3.79692 86.69058
3.80701 87.88043
3.81709 86.70979
3.82691 87.32652
3.83698 87.05493
3.84704 88.31727
3.85683 87.18027
3.86688 87.5182
3.87692 87.3233
3.88695 87.58724
3.89672 86.84576
3.90674 86.67313
3.91675 86.59081
3.92675 86.2822
3.93675 86.64809
3.94674 87.06484
3.95672 85.62522
3.96669 86.92118
3.97666 86.73434
3.98662 87.07762
3.99657 87.32039
4.00677 86.70508
4.01671 86.39215
4.02664 85.55163
4.03656 86.16087
4.04648 87.47711
4.05664 85.60399
4.06654 87.06434
4.07643 86.76463
4.08657 86.86075
4.09644 86.50714
4.10656 86.89984
4.11643 86.98533
4.12653 85.67126
4.13638 85.53713
4.14647 84.38302
4.1563 85.57612
4.16637 85.32434
4.17644 85.67803
4.18625 85.06604
4.1963 85.00513
4.20634 83.1321
4.21637 83.2566
4.2264 83.66707
4.23616 87.55983
4.24617 85.69685
4.25617 83.02097
4.26617 81.03534
4.27615 82.9717
4.28613 83.64983
4.29609 85.27278
4.30605 86.14536
4.31625 82.96226
4.3262 82.27
4.33613 81.55125
4.34606 81.35812
4.35597 81.83648
4.36613 81.30472
4.37603 80.82783
4.38592 81.55183
4.39605 80.79746
4.40592 80.65113
4.41603 80.52761
4.42589 80.43041
4.43598 80.05619
4.44582 79.13104
4.4559 79.67151
4.46597 78.83666
4.47578 78.78689
4.48583 77.76074
4.49587 77.02062
4.5059 76.94172
4.51592 76.83228
4.52568 77.23736
4.53569 76.39281
4.54568 76.50003
4.55567 76.60776
4.56564 75.74842
4.57561 75.84957
4.5858 74.43786
4.59575 73.94727
4.60569 74.11669
4.61562 73.63549
4.62553 72.91082
4.63568 73.46813
4.64558 71.84042
4.65547 71.76752
4.66559 71.46485
4.67546 71.19912
4.68556 70.64099
4.69541 69.16525
4.7055 69.02828
4.71557 69.29816
4.72539 68.40195
4.73544 68.17811
4.74548 67.60093
4.75551 67.61215
4.76529 66.42167
4.7753 65.77422
4.7853 65.90022
4.79529 65.23543
4.80527 65.06922
4.81524 64.26925
4.8252 64.15376
4.83538 62.8903
4.84532 62.2032
4.85525 61.53218
4.86516 61.57267
4.87531 60.79642
4.8852 61.25411
4.89509 59.74347
4.9052 59.03227
4.91506 59.05839
4.92515 58.30914
4.93499 58.19533
4.94506 57.68163
4.95511 58.15915
4.96516 56.69143
4.97495 56.34741
4.98498 55.00769
4.99499 55.02847
5.00476 55.48202
5.01533 54.75669
5.02515 53.62793
5.03497 53.33431
5.04478 52.51968
5.0546 52.51205
5.06517 51.3175
5.07498 51.27181
5.08479 50.2144
5.0946 49.79107
5.10517 49.3237
5.11498 48.60018
5.12478 47.48995
5.13459 47.91052
5.1444 46.70001
5.15495 46.31075
5.16476 46.35414
5.17456 45.72376
5.18436 44.51524
5.19492 43.2102
5.20471 42.36886
5.21451 43.22326
5.22431 41.85002
5.23486 41.61398
5.24465 40.06612
5.25445 40.53642
5.26424 39.58903
5.27478 39.39559
5.28457 38.03068
5.29436 37.41186
5.30415 36.16155
5.31469 36.28134
5.32448 35.3511
5.33426 34.82883
5.3448 33.91686
5.35458 32.67773
5.36436 32.69254
5.37414 31.42986
5.38467 32.01482
5.39445 31.38816
5.40423 30.06732
5.414 29.94755
5.42453 29.47834
5.4343 28.02865
5.44408 27.50792
5.4546 26.989
5.46437 26.52015
5.47414 26.20978
5.4839 25.00303
5.49442 24.63006
5.50419 24.3493
5.51395 23.76347
5.52447 22.77018
5.53423 22.38324
5.54399 21.76434
5.55375 21.98216
5.56426 20.93058
5.57401 20.73087
5.58377 19.80515
5.59428 18.67818
5.60403 19.07125
5.61378 18.99428
5.62428 18.5558
5.63403 17.54399
5.64378 16.86754
5.65428 17.08803
5.66403 16.91167
5.67377 16.1488
5.68352 15.67273
5.69401 14.58667
5.70375 16.46428
5.71349 13.92008
5.72398 12.28631
5.73372 12.7265
5.74345 13.503
5.75394 13.11109
5.76367 11.91096
5.77341 11.56288
5.78389 9.92328
5.79362 9.88056
5.80335 10.46518
5.81382 11.50279
5.82355 10.13581
5.83328 8.7749
5.84375 9.18289
5.85347 9.25595
5.8632 7.98896
5.87366 8.7059
5.88338 9.36161
5.89385 7.79252
5.90357 6.56318
5.91328 6.56342
5.92375 5.93966
5.93346 6.04589
5.94317 5.50903
5.95363 5.3991
5.96334 6.13009
5.97305 5.61007
5.9835 4.5145
5.99321 2.19062
6.00366 4.57015
6.01336 3.42154
6.02306 2.82981
6.03351 3.58814
6.04321 4.11439
6.05291 1.80594
6.06335 2.49457
6.07305 1.05054
6.08349 1.12322
6.09318 1.33339
6.10287 0.36304
6.11331 1.25843
6.123 1.97655
6.13343 0.16677
6.14312 0.1246
6.1528 0.23358
6.16323 2.10435
6.17291 1.23912
6.18334 0.12686
6.19302 0.01599
6.2027 0.49881
6.21312 0.31293
6.2228 0.9748
6.23322 0.09499
6.24289 0.68503
6.25256 0.16083
6.26298 1.02759
6.27265 0.22986
6.28306 0.27847
6.29272 0.72931
6.30313 0.45892
6.3128 0.99299
6.32246 0.15616
6.33287 0.52942
6.34253 0.19058
6.35293 0.13982
6.36258 0.34584
6.37298 0.52355
6.38264 0.22135
6.39303 0.14236
6.40269 1.29419
6.41234 1.66099
6.42273 0.33367
6.43238 0.65279
6.44276 0.78744
6.45241 0.44406
6.4628 0.19629
6.47244 1.44125
6.48282 0.25255
6.49246 1.53804
6.50284 1.51089
6.51248 0.44744
6.52211 0.13314
6.53249 0.81972
6.54212 0.15121
6.55249 0.40941
6.56212 0.28092
6.57249 0.01297
6.58212 1.14349
6.59248 0.00923
6.60211 1.34031
6.61247 0.66077
6.62209 1.81502
6.63245 0.06055
6.64207 0.31142
6.65243 1.06449
6.66204 0.11221
6.6724 0.27373
6.68201 0.16179
6.69236 0.06687
6.70197 0.03849
6.71232 0.03305
6.72193 0.67986
6.73227 0.52148
6.74188 0.21353
6.75222 0.42148
6.76182 0.54243
6.77216 1.15619
6.78176 0.18083
6.79209 0.02193
6.80169 0.49522
6.81202 1.1157
6.82161 0.17863
6.83194 0.16507
6.84227 0.15742
6.85186 1.24197
6.86218 0.43221
6.87177 0.66454
6.88209 0.87154
6.89167 0.13254
6.90199 0.86343
6.91157 0.58709
6.92188 0.24192
6.93146 0.17861
6.94177 0.39197
6.95208 0.8562
6.96165 0.09084
6.97196 0.82841
6.98153 0.27299
6.99183 0.16273
7.0014 0.94547
7.0117 0.6333
7.022 0.11526
7.03156 0.40753
7.04185 1.05045
7.05141 0.59478
7.0617 0.05931
7.07126 0.72799
7.08155 0.00915
7.09183 0.23893
7.10139 0.67679
7.11167 0.23671
7.12122 0.4238
7.1315 0.46132
7.14178 0.33394
7.15132 0.40152
7.1616 0.17709
7.17114 0.17792
7.18141 0.30255
7.19168 0.00897
7.20121 0.018
7.21148 0.44853
7.22101 0.16603
7.23128 0.57125
7.24154 0.05284
7.25107 0.204
7.26133 0.42816
7.27085 0.06952
7.28111 0.01791
7.29136 1.05815
7.30088 0.09715
7.31113 0.31714
7.32138 1.03567
7.33089 0.43431
7.34114 0.11276
7.35138 0.24913
7.36089 0.90319
7.37113 0.95708
7.38137 0.53346
7.39088 0.1777
7.40111 0.89843
7.41135 0.12831
7.42085 0.58362
7.43108 0.60038
7.44057 0.01943
7.4508 0.05533
7.46103 0.24744
7.47052 0.71177
7.48074 0.33712
7.49096 0.10997
7.50118 0.77066
7.51066 0.08784
7.52088 0.248
7.53109 0.2541
7.54057 1.01284
7.55078 0.18023
7.56099 0.74476
7.57046 0.32404
7.58067 0.66297
7.59087 0.03189
7.60034 0.27522
7.61054 0.42062
7.62073 0.39412
7.63093 0.06496
7.64039 0.2939
7.65059 0.32125
7.66077 0.62562
7.67023 0.05031
7.68042 0.17914
7.6906 0.25252
7.70079 0.31628
7.71024 0.78162
7.72042 0.17229
7.7306 0.42913
7.74077 0.37197
7.75022 0.09936
7.76039 0.99169
7.77056 0.83688
7.78072 0.46542
7.79016 0.32757
7.80033 0.15331
7.81049 0.45199
7.82065 0.69434
7.83008 0.15646
7.84024 0.0401
7.8504 0.17484
7.86055 0.27142
7.86997 0.45452
7.88012 0.12852
7.89027 0.71089
7.90042 1.06264
7.90984 0.20519
7.91998 0.03143
7.93012 0.29321
7.94026 0.13317
7.95039 0.24884
7.9598 0.2546
7.96994 0.81714
7.98007 0.1801
7.99019 0.994
8.00032 1.332
